+---------+---------------+----------+
16:30:05,103,300   ETHER
|0   |ff|ff|ff|ff|ff|ff|00|50|79|66|68|03|08|06|00|01|08|00|06|04|00|01|00|50|79|66|68|03|0a|00|01|64|ff|ff|ff|ff|ff|ff|0a|00|01|78|00|00|00|00|00|00|00|00|00|00|00|00|00|00|00|00|00|00|00|00|00|00|

+---------+---------------+----------+
16:30:05,103,414   ETHER
|0   |00|50|79|66|68|03|00|50|79|66|68|01|08|06|00|01|08|00|06|04|00|02|00|50|79|66|68|01|0a|00|01|78|00|50|79|66|68|03|0a|00|01|64|00|00|00|00|00|00|00|00|00|00|00|00|00|00|00|00|00|00|00|00|00|00|

+---------+---------------+----------+
16:30:05,104,345   ETHER
|0   |00|50|79|66|68|01|00|50|79|66|68|03|08|00|45|00|00|54|fd|8d|00|00|40|01|66|40|0a|00|01|64|0a|00|01|78|08|00|92|0d|8d|fd|00|01|08|09|0a|0b|0c|0d|0e|0f|10|11|12|13|14|15|16|17|18|19|1a|1b|1c|1d|1e|1f|20|21|22|23|24|25|26|27|28|29|2a|2b|2c|2d|2e|2f|30|31|32|33|34|35|36|37|38|39|3a|3b|3c|3d|3e|3f|

+---------+---------------+----------+
16:30:05,104,391   ETHER
|0   |00|50|79|66|68|03|00|50|79|66|68|01|08|00|45|00|00|54|fd|8d|00|00|40|01|66|40|0a|00|01|78|0a|00|01|64|00|00|9a|0d|8d|fd|00|01|08|09|0a|0b|0c|0d|0e|0f|10|11|12|13|14|15|16|17|18|19|1a|1b|1c|1d|1e|1f|20|21|22|23|24|25|26|27|28|29|2a|2b|2c|2d|2e|2f|30|31|32|33|34|35|36|37|38|39|3a|3b|3c|3d|3e|3f|

+---------+---------------+----------+
16:30:06,105,506   ETHER
|0   |00|50|79|66|68|01|00|50|79|66|68|03|08|00|45|00|00|54|fd|8e|00|00|40|01|66|3f|0a|00|01|64|0a|00|01|78|08|00|91|0c|8e|fd|00|02|08|09|0a|0b|0c|0d|0e|0f|10|11|12|13|14|15|16|17|18|19|1a|1b|1c|1d|1e|1f|20|21|22|23|24|25|26|27|28|29|2a|2b|2c|2d|2e|2f|30|31|32|33|34|35|36|37|38|39|3a|3b|3c|3d|3e|3f|

+---------+---------------+----------+
16:30:06,105,585   ETHER
|0   |00|50|79|66|68|03|00|50|79|66|68|01|08|00|45|00|00|54|fd|8e|00|00|40|01|66|3f|0a|00|01|78|0a|00|01|64|00|00|99|0c|8e|fd|00|02|08|09|0a|0b|0c|0d|0e|0f|10|11|12|13|14|15|16|17|18|19|1a|1b|1c|1d|1e|1f|20|21|22|23|24|25|26|27|28|29|2a|2b|2c|2d|2e|2f|30|31|32|33|34|35|36|37|38|39|3a|3b|3c|3d|3e|3f|

+---------+---------------+----------+
16:30:07,106,664   ETHER
|0   |00|50|79|66|68|01|00|50|79|66|68|03|08|00|45|00|00|54|fd|8f|00|00|40|01|66|3e|0a|00|01|64|0a|00|01|78|08|00|90|0b|8f|fd|00|03|08|09|0a|0b|0c|0d|0e|0f|10|11|12|13|14|15|16|17|18|19|1a|1b|1c|1d|1e|1f|20|21|22|23|24|25|26|27|28|29|2a|2b|2c|2d|2e|2f|30|31|32|33|34|35|36|37|38|39|3a|3b|3c|3d|3e|3f|

+---------+---------------+----------+
16:30:07,106,751   ETHER
|0   |00|50|79|66|68|03|00|50|79|66|68|01|08|00|45|00|00|54|fd|8f|00|00|40|01|66|3e|0a|00|01|78|0a|00|01|64|00|00|98|0b|8f|fd|00|03|08|09|0a|0b|0c|0d|0e|0f|10|11|12|13|14|15|16|17|18|19|1a|1b|1c|1d|1e|1f|20|21|22|23|24|25|26|27|28|29|2a|2b|2c|2d|2e|2f|30|31|32|33|34|35|36|37|38|39|3a|3b|3c|3d|3e|3f|

+---------+---------------+----------+
16:30:08,107,889   ETHER
|0   |00|50|79|66|68|01|00|50|79|66|68|03|08|00|45|00|00|54|fd|90|00|00|40|01|66|3d|0a|00|01|64|0a|00|01|78|08|00|8f|0a|90|fd|00|04|08|09|0a|0b|0c|0d|0e|0f|10|11|12|13|14|15|16|17|18|19|1a|1b|1c|1d|1e|1f|20|21|22|23|24|25|26|27|28|29|2a|2b|2c|2d|2e|2f|30|31|32|33|34|35|36|37|38|39|3a|3b|3c|3d|3e|3f|

+---------+---------------+----------+
16:30:08,108,087   ETHER
|0   |00|50|79|66|68|03|00|50|79|66|68|01|08|00|45|00|00|54|fd|90|00|00|40|01|66|3d|0a|00|01|78|0a|00|01|64|00|00|97|0a|90|fd|00|04|08|09|0a|0b|0c|0d|0e|0f|10|11|12|13|14|15|16|17|18|19|1a|1b|1c|1d|1e|1f|20|21|22|23|24|25|26|27|28|29|2a|2b|2c|2d|2e|2f|30|31|32|33|34|35|36|37|38|39|3a|3b|3c|3d|3e|3f|

+---------+---------------+----------+
16:30:09,108,949   ETHER
|0   |00|50|79|66|68|01|00|50|79|66|68|03|08|00|45|00|00|54|fd|91|00|00|40|01|66|3c|0a|00|01|64|0a|00|01|78|08|00|8e|09|91|fd|00|05|08|09|0a|0b|0c|0d|0e|0f|10|11|12|13|14|15|16|17|18|19|1a|1b|1c|1d|1e|1f|20|21|22|23|24|25|26|27|28|29|2a|2b|2c|2d|2e|2f|30|31|32|33|34|35|36|37|38|39|3a|3b|3c|3d|3e|3f|

+---------+---------------+----------+
16:30:09,109,026   ETHER
|0   |00|50|79|66|68|03|00|50|79|66|68|01|08|00|45|00|00|54|fd|91|00|00|40|01|66|3c|0a|00|01|78|0a|00|01|64|00|00|96|09|91|fd|00|05|08|09|0a|0b|0c|0d|0e|0f|10|11|12|13|14|15|16|17|18|19|1a|1b|1c|1d|1e|1f|20|21|22|23|24|25|26|27|28|29|2a|2b|2c|2d|2e|2f|30|31|32|33|34|35|36|37|38|39|3a|3b|3c|3d|3e|3f|

+---------+---------------+----------+
16:30:40,371,282   ETHER
|0   |ff|ff|ff|ff|ff|ff|00|50|79|66|68|03|08|06|00|01|08|00|06|04|00|01|00|50|79|66|68|03|0a|00|01|64|ff|ff|ff|ff|ff|ff|0a|00|01|65|00|00|00|00|00|00|00|00|00|00|00|00|00|00|00|00|00|00|00|00|00|00|

+---------+---------------+----------+
16:30:40,371,372   ETHER
|0   |00|50|79|66|68|03|00|50|79|66|68|02|08|06|00|01|08|00|06|04|00|02|00|50|79|66|68|02|0a|00|01|65|00|50|79|66|68|03|0a|00|01|64|00|00|00|00|00|00|00|00|00|00|00|00|00|00|00|00|00|00|00|00|00|00|

+---------+---------------+----------+
16:30:40,372,327   ETHER
|0   |00|50|79|66|68|02|00|50|79|66|68|03|08|00|45|00|00|54|fd|b0|00|00|40|01|66|30|0a|00|01|64|0a|00|01|65|08|00|6f|0d|b0|fd|00|01|08|09|0a|0b|0c|0d|0e|0f|10|11|12|13|14|15|16|17|18|19|1a|1b|1c|1d|1e|1f|20|21|22|23|24|25|26|27|28|29|2a|2b|2c|2d|2e|2f|30|31|32|33|34|35|36|37|38|39|3a|3b|3c|3d|3e|3f|

+---------+---------------+----------+
16:30:40,372,382   ETHER
|0   |00|50|79|66|68|03|00|50|79|66|68|02|08|00|45|00|00|54|fd|b0|00|00|40|01|66|30|0a|00|01|65|0a|00|01|64|00|00|77|0d|b0|fd|00|01|08|09|0a|0b|0c|0d|0e|0f|10|11|12|13|14|15|16|17|18|19|1a|1b|1c|1d|1e|1f|20|21|22|23|24|25|26|27|28|29|2a|2b|2c|2d|2e|2f|30|31|32|33|34|35|36|37|38|39|3a|3b|3c|3d|3e|3f|

+---------+---------------+----------+
16:30:41,373,505   ETHER
|0   |00|50|79|66|68|02|00|50|79|66|68|03|08|00|45|00|00|54|fd|b1|00|00|40|01|66|2f|0a|00|01|64|0a|00|01|65|08|00|6e|0c|b1|fd|00|02|08|09|0a|0b|0c|0d|0e|0f|10|11|12|13|14|15|16|17|18|19|1a|1b|1c|1d|1e|1f|20|21|22|23|24|25|26|27|28|29|2a|2b|2c|2d|2e|2f|30|31|32|33|34|35|36|37|38|39|3a|3b|3c|3d|3e|3f|

+---------+---------------+----------+
16:30:41,373,630   ETHER
|0   |00|50|79|66|68|03|00|50|79|66|68|02|08|00|45|00|00|54|fd|b1|00|00|40|01|66|2f|0a|00|01|65|0a|00|01|64|00|00|76|0c|b1|fd|00|02|08|09|0a|0b|0c|0d|0e|0f|10|11|12|13|14|15|16|17|18|19|1a|1b|1c|1d|1e|1f|20|21|22|23|24|25|26|27|28|29|2a|2b|2c|2d|2e|2f|30|31|32|33|34|35|36|37|38|39|3a|3b|3c|3d|3e|3f|

+---------+---------------+----------+
16:30:42,374,613   ETHER
|0   |00|50|79|66|68|02|00|50|79|66|68|03|08|00|45|00|00|54|fd|b2|00|00|40|01|66|2e|0a|00|01|64|0a|00|01|65|08|00|6d|0b|b2|fd|00|03|08|09|0a|0b|0c|0d|0e|0f|10|11|12|13|14|15|16|17|18|19|1a|1b|1c|1d|1e|1f|20|21|22|23|24|25|26|27|28|29|2a|2b|2c|2d|2e|2f|30|31|32|33|34|35|36|37|38|39|3a|3b|3c|3d|3e|3f|

+---------+---------------+----------+
16:30:42,374,710   ETHER
|0   |00|50|79|66|68|03|00|50|79|66|68|02|08|00|45|00|00|54|fd|b2|00|00|40|01|66|2e|0a|00|01|65|0a|00|01|64|00|00|75|0b|b2|fd|00|03|08|09|0a|0b|0c|0d|0e|0f|10|11|12|13|14|15|16|17|18|19|1a|1b|1c|1d|1e|1f|20|21|22|23|24|25|26|27|28|29|2a|2b|2c|2d|2e|2f|30|31|32|33|34|35|36|37|38|39|3a|3b|3c|3d|3e|3f|

+---------+---------------+----------+
16:30:43,375,758   ETHER
|0   |00|50|79|66|68|02|00|50|79|66|68|03|08|00|45|00|00|54|fd|b3|00|00|40|01|66|2d|0a|00|01|64|0a|00|01|65|08|00|6c|0a|b3|fd|00|04|08|09|0a|0b|0c|0d|0e|0f|10|11|12|13|14|15|16|17|18|19|1a|1b|1c|1d|1e|1f|20|21|22|23|24|25|26|27|28|29|2a|2b|2c|2d|2e|2f|30|31|32|33|34|35|36|37|38|39|3a|3b|3c|3d|3e|3f|

+---------+---------------+----------+
16:30:43,375,876   ETHER
|0   |00|50|79|66|68|03|00|50|79|66|68|02|08|00|45|00|00|54|fd|b3|00|00|40|01|66|2d|0a|00|01|65|0a|00|01|64|00|00|74|0a|b3|fd|00|04|08|09|0a|0b|0c|0d|0e|0f|10|11|12|13|14|15|16|17|18|19|1a|1b|1c|1d|1e|1f|20|21|22|23|24|25|26|27|28|29|2a|2b|2c|2d|2e|2f|30|31|32|33|34|35|36|37|38|39|3a|3b|3c|3d|3e|3f|

+---------+---------------+----------+
16:30:44,376,888   ETHER
|0   |00|50|79|66|68|02|00|50|79|66|68|03|08|00|45|00|00|54|fd|b4|00|00|40|01|66|2c|0a|00|01|64|0a|00|01|65|08|00|6b|09|b4|fd|00|05|08|09|0a|0b|0c|0d|0e|0f|10|11|12|13|14|15|16|17|18|19|1a|1b|1c|1d|1e|1f|20|21|22|23|24|25|26|27|28|29|2a|2b|2c|2d|2e|2f|30|31|32|33|34|35|36|37|38|39|3a|3b|3c|3d|3e|3f|

+---------+---------------+----------+
16:30:44,376,966   ETHER
|0   |00|50|79|66|68|03|00|50|79|66|68|02|08|00|45|00|00|54|fd|b4|00|00|40|01|66|2c|0a|00|01|65|0a|00|01|64|00|00|73|09|b4|fd|00|05|08|09|0a|0b|0c|0d|0e|0f|10|11|12|13|14|15|16|17|18|19|1a|1b|1c|1d|1e|1f|20|21|22|23|24|25|26|27|28|29|2a|2b|2c|2d|2e|2f|30|31|32|33|34|35|36|37|38|39|3a|3b|3c|3d|3e|3f|

+---------+---------------+----------+
16:30:53,091,318   ETHER
|0   |ff|ff|ff|ff|ff|ff|00|50|79|66|68|03|08|06|00|01|08|00|06|04|00|01|00|50|79|66|68|03|0a|00|01|64|ff|ff|ff|ff|ff|ff|0a|00|01|79|00|00|00|00|00|00|00|00|00|00|00|00|00|00|00|00|00|00|00|00|00|00|

+---------+---------------+----------+
16:30:53,091,448   ETHER
|0   |00|50|79|66|68|03|00|50|79|66|68|00|08|06|00|01|08|00|06|04|00|02|00|50|79|66|68|00|0a|00|01|79|00|50|79|66|68|03|0a|00|01|64|00|00|00|00|00|00|00|00|00|00|00|00|00|00|00|00|00|00|00|00|00|00|

+---------+---------------+----------+
16:30:53,092,351   ETHER
|0   |00|50|79|66|68|00|00|50|79|66|68|03|08|00|45|00|00|54|fd|bd|00|00|40|01|66|0f|0a|00|01|64|0a|00|01|79|08|00|62|0d|bd|fd|00|01|08|09|0a|0b|0c|0d|0e|0f|10|11|12|13|14|15|16|17|18|19|1a|1b|1c|1d|1e|1f|20|21|22|23|24|25|26|27|28|29|2a|2b|2c|2d|2e|2f|30|31|32|33|34|35|36|37|38|39|3a|3b|3c|3d|3e|3f|

+---------+---------------+----------+
16:30:53,092,422   ETHER
|0   |ff|ff|ff|ff|ff|ff|00|50|79|66|68|00|08|06|00|01|08|00|06|04|00|01|00|50|79|66|68|00|0a|00|01|79|ff|ff|ff|ff|ff|ff|00|00|00|00|00|00|00|00|00|00|00|00|00|00|00|00|00|00|00|00|00|00|00|00|00|00|

+---------+---------------+----------+
16:30:54,092,986   ETHER
|0   |ff|ff|ff|ff|ff|ff|00|50|79|66|68|00|08|06|00|01|08|00|06|04|00|01|00|50|79|66|68|00|0a|00|01|79|ff|ff|ff|ff|ff|ff|00|00|00|00|00|00|00|00|00|00|00|00|00|00|00|00|00|00|00|00|00|00|00|00|00|00|

+---------+---------------+----------+
16:30:55,093,064   ETHER
|0   |00|50|79|66|68|00|00|50|79|66|68|03|08|00|45|00|00|54|fd|be|00|00|40|01|66|0e|0a|00|01|64|0a|00|01|79|08|00|60|0c|bf|fd|00|02|08|09|0a|0b|0c|0d|0e|0f|10|11|12|13|14|15|16|17|18|19|1a|1b|1c|1d|1e|1f|20|21|22|23|24|25|26|27|28|29|2a|2b|2c|2d|2e|2f|30|31|32|33|34|35|36|37|38|39|3a|3b|3c|3d|3e|3f|

+---------+---------------+----------+
16:30:55,093,988   ETHER
|0   |ff|ff|ff|ff|ff|ff|00|50|79|66|68|00|08|06|00|01|08|00|06|04|00|01|00|50|79|66|68|00|0a|00|01|79|ff|ff|ff|ff|ff|ff|00|00|00|00|00|00|00|00|00|00|00|00|00|00|00|00|00|00|00|00|00|00|00|00|00|00|

+---------+---------------+----------+
16:30:56,095,126   ETHER
|0   |00|50|79|66|68|03|00|50|79|66|68|00|08|00|45|00|00|54|fd|bd|00|00|40|01|66|0f|0a|00|01|79|0a|00|01|64|00|00|6a|0d|bd|fd|00|01|08|09|0a|0b|0c|0d|0e|0f|10|11|12|13|14|15|16|17|18|19|1a|1b|1c|1d|1e|1f|20|21|22|23|24|25|26|27|28|29|2a|2b|2c|2d|2e|2f|30|31|32|33|34|35|36|37|38|39|3a|3b|3c|3d|3e|3f|

+---------+---------------+----------+
16:30:56,095,193   ETHER
|0   |ff|ff|ff|ff|ff|ff|00|50|79|66|68|00|08|06|00|01|08|00|06|04|00|01|00|50|79|66|68|00|0a|00|01|79|ff|ff|ff|ff|ff|ff|00|00|00|00|00|00|00|00|00|00|00|00|00|00|00|00|00|00|00|00|00|00|00|00|00|00|

+---------+---------------+----------+
16:30:57,093,838   ETHER
|0   |00|50|79|66|68|00|00|50|79|66|68|03|08|00|45|00|00|54|fd|bf|00|00|40|01|66|0d|0a|00|01|64|0a|00|01|79|08|00|5e|0b|c1|fd|00|03|08|09|0a|0b|0c|0d|0e|0f|10|11|12|13|14|15|16|17|18|19|1a|1b|1c|1d|1e|1f|20|21|22|23|24|25|26|27|28|29|2a|2b|2c|2d|2e|2f|30|31|32|33|34|35|36|37|38|39|3a|3b|3c|3d|3e|3f|

+---------+---------------+----------+
16:30:57,095,277   ETHER
|0   |ff|ff|ff|ff|ff|ff|00|50|79|66|68|00|08|06|00|01|08|00|06|04|00|01|00|50|79|66|68|00|0a|00|01|79|ff|ff|ff|ff|ff|ff|00|00|00|00|00|00|00|00|00|00|00|00|00|00|00|00|00|00|00|00|00|00|00|00|00|00|

+---------+---------------+----------+
16:30:58,096,504   ETHER
|0   |ff|ff|ff|ff|ff|ff|00|50|79|66|68|00|08|06|00|01|08|00|06|04|00|01|00|50|79|66|68|00|0a|00|01|79|ff|ff|ff|ff|ff|ff|00|00|00|00|00|00|00|00|00|00|00|00|00|00|00|00|00|00|00|00|00|00|00|00|00|00|

+---------+---------------+----------+
16:30:59,094,413   ETHER
|0   |00|50|79|66|68|00|00|50|79|66|68|03|08|00|45|00|00|54|fd|c0|00|00|40|01|66|0c|0a|00|01|64|0a|00|01|79|08|00|5c|0a|c3|fd|00|04|08|09|0a|0b|0c|0d|0e|0f|10|11|12|13|14|15|16|17|18|19|1a|1b|1c|1d|1e|1f|20|21|22|23|24|25|26|27|28|29|2a|2b|2c|2d|2e|2f|30|31|32|33|34|35|36|37|38|39|3a|3b|3c|3d|3e|3f|

+---------+---------------+----------+
16:30:59,097,202   ETHER
|0   |00|50|79|66|68|03|00|50|79|66|68|00|08|00|45|00|00|54|fd|be|00|00|40|01|66|0e|0a|00|01|79|0a|00|01|64|00|00|68|0c|bf|fd|00|02|08|09|0a|0b|0c|0d|0e|0f|10|11|12|13|14|15|16|17|18|19|1a|1b|1c|1d|1e|1f|20|21|22|23|24|25|26|27|28|29|2a|2b|2c|2d|2e|2f|30|31|32|33|34|35|36|37|38|39|3a|3b|3c|3d|3e|3f|

+---------+---------------+----------+
16:30:59,097,222   ETHER
|0   |ff|ff|ff|ff|ff|ff|00|50|79|66|68|00|08|06|00|01|08|00|06|04|00|01|00|50|79|66|68|00|0a|00|01|79|ff|ff|ff|ff|ff|ff|00|00|00|00|00|00|00|00|00|00|00|00|00|00|00|00|00|00|00|00|00|00|00|00|00|00|

+---------+---------------+----------+
16:31:00,097,491   ETHER
|0   |ff|ff|ff|ff|ff|ff|00|50|79|66|68|00|08|06|00|01|08|00|06|04|00|01|00|50|79|66|68|00|0a|00|01|79|ff|ff|ff|ff|ff|ff|00|00|00|00|00|00|00|00|00|00|00|00|00|00|00|00|00|00|00|00|00|00|00|00|00|00|

+---------+---------------+----------+
16:31:01,094,790   ETHER
|0   |00|50|79|66|68|00|00|50|79|66|68|03|08|00|45|00|00|54|fd|c1|00|00|40|01|66|0b|0a|00|01|64|0a|00|01|79|08|00|5a|09|c5|fd|00|05|08|09|0a|0b|0c|0d|0e|0f|10|11|12|13|14|15|16|17|18|19|1a|1b|1c|1d|1e|1f|20|21|22|23|24|25|26|27|28|29|2a|2b|2c|2d|2e|2f|30|31|32|33|34|35|36|37|38|39|3a|3b|3c|3d|3e|3f|

+---------+---------------+----------+
16:31:01,098,359   ETHER
|0   |ff|ff|ff|ff|ff|ff|00|50|79|66|68|00|08|06|00|01|08|00|06|04|00|01|00|50|79|66|68|00|0a|00|01|79|ff|ff|ff|ff|ff|ff|00|00|00|00|00|00|00|00|00|00|00|00|00|00|00|00|00|00|00|00|00|00|00|00|00|00|

+---------+---------------+----------+
16:31:02,099,343   ETHER
|0   |00|50|79|66|68|03|00|50|79|66|68|00|08|00|45|00|00|54|fd|bf|00|00|40|01|66|0d|0a|00|01|79|0a|00|01|64|00|00|66|0b|c1|fd|00|03|08|09|0a|0b|0c|0d|0e|0f|10|11|12|13|14|15|16|17|18|19|1a|1b|1c|1d|1e|1f|20|21|22|23|24|25|26|27|28|29|2a|2b|2c|2d|2e|2f|30|31|32|33|34|35|36|37|38|39|3a|3b|3c|3d|3e|3f|

+---------+---------------+----------+
16:31:02,099,371   ETHER
|0   |ff|ff|ff|ff|ff|ff|00|50|79|66|68|00|08|06|00|01|08|00|06|04|00|01|00|50|79|66|68|00|0a|00|01|79|ff|ff|ff|ff|ff|ff|00|00|00|00|00|00|00|00|00|00|00|00|00|00|00|00|00|00|00|00|00|00|00|00|00|00|

+---------+---------------+----------+
16:31:03,099,852   ETHER
|0   |ff|ff|ff|ff|ff|ff|00|50|79|66|68|00|08|06|00|01|08|00|06|04|00|01|00|50|79|66|68|00|0a|00|01|79|ff|ff|ff|ff|ff|ff|00|00|00|00|00|00|00|00|00|00|00|00|00|00|00|00|00|00|00|00|00|00|00|00|00|00|

+---------+---------------+----------+
16:31:04,100,570   ETHER
|0   |ff|ff|ff|ff|ff|ff|00|50|79|66|68|00|08|06|00|01|08|00|06|04|00|01|00|50|79|66|68|00|0a|00|01|79|ff|ff|ff|ff|ff|ff|00|00|00|00|00|00|00|00|00|00|00|00|00|00|00|00|00|00|00|00|00|00|00|00|00|00|

+---------+---------------+----------+
16:31:05,101,156   ETHER
|0   |00|50|79|66|68|03|00|50|79|66|68|00|08|00|45|00|00|54|fd|c0|00|00|40|01|66|0c|0a|00|01|79|0a|00|01|64|00|00|64|0a|c3|fd|00|04|08|09|0a|0b|0c|0d|0e|0f|10|11|12|13|14|15|16|17|18|19|1a|1b|1c|1d|1e|1f|20|21|22|23|24|25|26|27|28|29|2a|2b|2c|2d|2e|2f|30|31|32|33|34|35|36|37|38|39|3a|3b|3c|3d|3e|3f|

+---------+---------------+----------+
16:31:05,101,188   ETHER
|0   |ff|ff|ff|ff|ff|ff|00|50|79|66|68|00|08|06|00|01|08|00|06|04|00|01|00|50|79|66|68|00|0a|00|01|79|ff|ff|ff|ff|ff|ff|00|00|00|00|00|00|00|00|00|00|00|00|00|00|00|00|00|00|00|00|00|00|00|00|00|00|

+---------+---------------+----------+
16:31:06,101,181   ETHER
|0   |ff|ff|ff|ff|ff|ff|00|50|79|66|68|00|08|06|00|01|08|00|06|04|00|01|00|50|79|66|68|00|0a|00|01|79|ff|ff|ff|ff|ff|ff|00|00|00|00|00|00|00|00|00|00|00|00|00|00|00|00|00|00|00|00|00|00|00|00|00|00|

+---------+---------------+----------+
16:31:07,101,384   ETHER
|0   |ff|ff|ff|ff|ff|ff|00|50|79|66|68|00|08|06|00|01|08|00|06|04|00|01|00|50|79|66|68|00|0a|00|01|79|ff|ff|ff|ff|ff|ff|00|00|00|00|00|00|00|00|00|00|00|00|00|00|00|00|00|00|00|00|00|00|00|00|00|00|

+---------+---------------+----------+
16:31:08,102,080   ETHER
|0   |00|50|79|66|68|03|00|50|79|66|68|00|08|00|45|00|00|54|fd|c1|00|00|40|01|66|0b|0a|00|01|79|0a|00|01|64|00|00|62|09|c5|fd|00|05|08|09|0a|0b|0c|0d|0e|0f|10|11|12|13|14|15|16|17|18|19|1a|1b|1c|1d|1e|1f|20|21|22|23|24|25|26|27|28|29|2a|2b|2c|2d|2e|2f|30|31|32|33|34|35|36|37|38|39|3a|3b|3c|3d|3e|3f|

+---------+---------------+----------+
16:34:34,463,293   ETHER
|0   |ff|ff|ff|ff|ff|ff|00|50|79|66|68|00|08|06|00|01|08|00|06|04|00|01|00|50|79|66|68|00|0a|00|01|79|ff|ff|ff|ff|ff|ff|0a|00|01|78|00|00|00|00|00|00|00|00|00|00|00|00|00|00|00|00|00|00|00|00|00|00|

